mapaBiblioteca
-sig-
PALETA
-
/tile/Tiles.png
-sig-
DIMENSION
-
18, 14
-sig-
POSICION
-
Point: 128, 176
-sig-
CAPAS
-
0, 0, 0, 0, 0, 0, 0, 58, 58, 59, 59, 0, 0, 0, 0, 0, 0, 0, 0, 0, 0, 0, 0, 0, 0, 58, 58, 59, 59, 0, 0, 0, 0, 0, 0, 0, 0, 0, 0, 0, 0, 0, 0, 58, 58, 59, 59, 0, 0, 0, 0, 0, 0, 0, 0, 0, 0, 0, 0, 0, 0, 59, 58, 59, 59, 0, 0, 0, 0, 0, 0, 0, 0, 0, 0, 0, 0, 0, 0, 58, 59, 59, 59, 0, 0, 0, 0, 0, 0, 0, 0, 0, 0, 0, 0, 0, 0, 58, 59, 59, 58, 0, 0, 0, 0, 0, 0, 0, 0, 0, 0, 0, 0, 0, 0, 58, 59, 59, 58, 0, 0, 0, 0, 0, 0, 0, 0, 0, 0, 0, 0, 0, 0, 58, 59, 59, 58, 0, 0, 0, 0, 0, 0, 0, 58, 58, 59, 58, 59, 58, 58, 58, 59, 59, 58, 58, 59, 58, 59, 59, 58, 58, 58, 58, 59, 58, 58, 58, 59, 58, 59, 58, 58, 59, 58, 59, 59, 59, 58, 58, 58, 58, 59, 58, 58, 58, 59, 58, 59, 58, 58, 59, 58, 59, 59, 59, 58, 59, 58, 58, 59, 58, 58, 58, 59, 58, 59, 58, 58, 59, 58, 59, 59, 58, 59, 58, 58, 59, 58, 58, 58, 58, 59, 58, 58, 58, 58, 59, 58, 59, 59, 58, 59, 58, 0, 0, 0, 0, 0, 0, 0, 0, 58, 58, 0, 0, 0, 0, 0, 0, 0, 0
-
14, 15, 15, 15, 15, 15, 16, 0, 0, 0, 0, 14, 15, 15, 15, 15, 15, 16, 54, 55, 55, 55, 55, 55, 56, 0, 0, 0, 0, 54, 55, 55, 55, 55, 55, 56, 54, 55, 55, 55, 55, 55, 56, 0, 0, 0, 0, 54, 55, 55, 55, 55, 55, 56, 54, 55, 55, 55, 55, 55, 56, 0, 0, 0, 0, 54, 55, 55, 55, 55, 55, 56, 54, 55, 55, 55, 55, 55, 56, 0, 0, 0, 0, 54, 55, 55, 55, 55, 55, 56, 54, 55, 55, 55, 55, 55, 56, 0, 0, 0, 0, 54, 55, 55, 55, 55, 55, 56, 54, 55, 55, 55, 55, 55, 56, 0, 0, 0, 0, 54, 55, 55, 55, 55, 55, 56, 73, 78, 74, 78, 74, 75, 76, 0, 0, 0, 0, 73, 78, 74, 78, 74, 75, 76, 0, 0, 0, 0, 0, 0, 0, 0, 0, 0, 0, 0, 0, 0, 0, 0, 0, 0, 0, 0, 0, 0, 0, 0, 0, 0, 0, 0, 0, 0, 0, 0, 0, 0, 0, 0, 0, 0, 0, 0, 0, 0, 0, 0, 0, 0, 0, 0, 0, 0, 0, 0, 0, 0, 0, 0, 0, 0, 0, 0, 0, 0, 0, 0, 0, 0, 0, 0, 0, 0, 0, 0, 0, 0, 0, 0, 0, 0, 0, 0, 0, 0, 0, 0, 0, 0, 0, 0, 0, 0, 0, 0, 0, 0, 0, 0, 0, 0, 0, 0, 0, 0, 0, 0, 0, 0, 0, 0
-sig-
COLISIONES
-
Rectangle: 0, 0, 112, 128
-
Rectangle: 176, 0, 112, 128
-
Rectangle: 0, 208, 288, 16
-sig-
CONSUMIBLES
-
Consumible: 4, Objeto5, Descripcion5, 25, 128, 16, 2, 1
-
Consumible: 0, Objeto1, Descripcion1, 28, 256, 192, 5, 2
-
Consumible: 2, Objeto3, Descripcion3, 28, 112, 128, 2, 1
-
Consumible: 3, Objeto4, Descripcion4, 5, 16, 176, 10, 3
-
Consumible: 4, Objeto5, Descripcion5, 25, 272, 144, 2, 2
-
Consumible: 5, Objeto6, Descripcion6, 21, 160, 176, 6, 1
-
Consumible: 6, Objeto7, Descripcion7, 24, 80, 192, 3, 2
-sig-
ENEMIGOS
-
Enemigo: 1, Enemigo1, Zombie, Zombie_32x32, 32, 144, 30, 1, 10
-
Enemigo: 2, Enemigo2, Zombie, Zombie_32x32, 240, 144, 30, 1, 10
-
Enemigo: 3, Enemigo3, Zombie, Zombie_32x32, 64, 176, 30, 1, 10
-
Enemigo: 4, Enemigo4, Zombie, Zombie_32x32, 144, 16, 30, 1, 10
-
Enemigo: 5, Enemigo5, Zombie, Zombie_32x32, 128, 96, 30, 1, 10
-
Enemigo: 6, Enemigo6, Zombie, Zombie_32x32, 224, 176, 30, 1, 10
-sig-
TELETRANSPORTADORES
-
Teletransportador: 0, T1, D1, 0, 128, 208, UDO, 1152, 384
-
Teletransportador: 1, T1, D1, 0, 144, 208, UDO, 1152, 384