mapaEscuelaContaduria
-sig-
PALETA
-
/tile/Tiles.png
-sig-
DIMENSION
-
13, 16
-sig-
POSICION
-
Point: 176, 224
-sig-
CAPAS
-
58, 59, 58, 59, 58, 58, 59, 58, 59, 59, 58, 59, 0, 59, 59, 58, 58, 59, 58, 59, 58, 59, 59, 58, 59, 0, 58, 59, 58, 58, 59, 58, 59, 58, 59, 59, 58, 59, 0, 58, 59, 58, 0, 0, 0, 0, 0, 0, 59, 59, 59, 0, 58, 59, 58, 0, 32, 32, 32, 32, 0, 58, 58, 59, 0, 58, 59, 58, 0, 0, 0, 0, 0, 0, 58, 59, 59, 0, 58, 59, 58, 58, 59, 58, 58, 58, 59, 59, 58, 59, 0, 58, 59, 58, 58, 59, 58, 58, 58, 58, 59, 58, 59, 0, 58, 59, 58, 58, 58, 58, 58, 58, 58, 58, 58, 59, 0, 58, 59, 58, 0, 0, 0, 0, 0, 0, 58, 58, 59, 0, 58, 59, 58, 0, 32, 32, 32, 32, 0, 58, 58, 59, 0, 58, 59, 58, 0, 0, 0, 0, 0, 58, 58, 58, 59, 0, 58, 59, 58, 59, 58, 58, 58, 58, 58, 59, 58, 59, 0, 58, 59, 58, 59, 58, 59, 58, 59, 58, 59, 58, 59, 59, 58, 59, 58, 59, 58, 59, 58, 59, 58, 59, 58, 59, 59, 58, 59, 58, 59, 58, 59, 58, 59, 58, 59, 58, 59, 0
-
0, 0, 0, 0, 0, 0, 0, 0, 0, 0, 0, 0, 0, 0, 0, 0, 93, 95, 0, 0, 93, 95, 0, 0, 0, 0, 0, 0, 0, 0, 0, 0, 0, 0, 0, 0, 0, 0, 0, 0, 129, 0, 129, 94, 94, 94, 94, 129, 0, 129, 0, 0, 0, 128, 0, 129, 0, 199, 199, 0, 129, 0, 128, 0, 0, 0, 0, 0, 93, 94, 94, 94, 94, 95, 0, 0, 0, 0, 0, 0, 0, 0, 0, 0, 0, 0, 0, 0, 0, 0, 0, 0, 0, 0, 0, 0, 0, 0, 0, 0, 0, 0, 0, 0, 0, 0, 0, 0, 0, 0, 0, 0, 0, 0, 0, 0, 0, 0, 0, 0, 129, 94, 94, 94, 94, 129, 0, 0, 0, 0, 0, 129, 0, 129, 0, 199, 199, 0, 129, 0, 129, 0, 0, 0, 128, 0, 93, 94, 94, 94, 94, 95, 0, 128, 0, 0, 0, 0, 0, 0, 0, 0, 0, 0, 0, 0, 0, 0, 0, 0, 0, 0, 93, 95, 0, 0, 93, 95, 0, 0, 0, 0, 0, 0, 0, 0, 0, 0, 0, 0, 0, 0, 0, 0, 0, 0, 0, 0, 0, 0, 0, 0, 0, 0, 0, 0, 0, 0
-sig-
COLISIONES
-
Rectangle: 192, 0, 16, 256
-sig-
CONSUMIBLES
-
Consumible: 7, Objeto8, Descripcion8, 31, 16, 96, 5, 5
-
Consumible: 8, Objeto9, Descripcion9, 8, 96, 0, 4, 6
-sig-
ENEMIGOS
-
Enemigo: 1, Enemigo1, Zombie, Zombie_32x32, 16, 192, 30, 1, 10
-
Enemigo: 2, Enemigo2, Zombie, Zombie_32x32, 128, 32, 30, 1, 10
-sig-
TELETRANSPORTADORES
-
Teletransportador: 0, T1, D1, 0, 192, 208, UDO, 368, 1072
-
Teletransportador: 1, T2, D2, 0, 192, 224, UDO, 368, 1088