mapaEscuelaComputacion
-sig-
PALETA
-
/tile/Tiles.png
-sig-
DIMENSION
-
16, 20
-sig-
POSICION
-
Point: 144, 288
-sig-
CAPAS
-
0, 0, 69, 0, 0, 0, 0, 0, 0, 0, 0, 0, 0, 0, 0, 0, 0, 69, 69, 69, 129, 33, 59, 0, 0, 0, 33, 59, 59, 0, 0, 0, 0, 58, 59, 58, 129, 33, 59, 0, 0, 0, 33, 59, 59, 0, 0, 0, 0, 58, 59, 58, 129, 33, 59, 0, 0, 0, 33, 59, 59, 0, 0, 0, 59, 58, 59, 58, 129, 33, 59, 0, 0, 0, 33, 59, 59, 0, 0, 0, 0, 58, 59, 58, 129, 33, 59, 0, 0, 0, 33, 59, 59, 0, 0, 0, 0, 58, 59, 58, 129, 33, 59, 0, 0, 0, 33, 59, 59, 0, 0, 0, 0, 58, 59, 58, 129, 33, 59, 58, 59, 59, 33, 59, 58, 58, 59, 0, 0, 58, 59, 58, 93, 95, 59, 58, 59, 58, 53, 58, 59, 58, 59, 0, 0, 58, 59, 58, 59, 58, 59, 58, 59, 58, 59, 58, 59, 58, 59, 0, 0, 58, 59, 58, 59, 58, 59, 58, 59, 58, 59, 58, 59, 58, 59, 0, 0, 58, 59, 58, 59, 58, 59, 58, 59, 58, 59, 58, 59, 58, 59, 0, 0, 58, 59, 58, 59, 58, 59, 58, 59, 58, 59, 58, 59, 58, 59, 59, 0, 58, 59, 58, 59, 58, 59, 58, 59, 58, 59, 58, 59, 58, 59, 0, 0, 58, 59, 58, 59, 58, 59, 58, 59, 58, 59, 58, 59, 58, 59, 0, 0, 58, 59, 58, 59, 58, 59, 58, 59, 58, 59, 58, 59, 58, 59, 0, 0, 93, 94, 94, 94, 95, 58, 59, 58, 59, 58, 58, 59, 93, 95, 0, 0, 32, 32, 32, 32, 33, 58, 59, 58, 59, 58, 58, 59, 31, 32, 0, 0, 32, 32, 32, 32, 33, 58, 59, 58, 59, 58, 58, 59, 31, 32, 0, 0, 0, 0, 0, 0, 0, 0, 0, 0, 59, 0, 0, 0, 0, 0, 0
-
0, 0, 0, 0, 0, 0, 0, 0, 0, 0, 0, 0, 0, 0, 0, 0, 0, 0, 0, 0, 0, 0, 0, 14, 15, 16, 0, 0, 14, 15, 16, 0, 0, 0, 0, 0, 0, 0, 0, 54, 55, 56, 0, 0, 54, 55, 56, 0, 0, 0, 0, 0, 0, 0, 0, 54, 55, 56, 0, 0, 54, 55, 56, 0, 0, 0, 0, 0, 0, 0, 0, 54, 55, 56, 0, 0, 54, 55, 56, 0, 0, 0, 0, 0, 0, 0, 0, 54, 55, 56, 0, 0, 54, 55, 56, 0, 0, 0, 0, 0, 0, 0, 0, 54, 55, 56, 0, 0, 54, 55, 56, 0, 0, 0, 0, 0, 0, 0, 0, 54, 55, 56, 0, 0, 54, 55, 56, 0, 0, 0, 0, 0, 0, 0, 0, 73, 75, 76, 0, 0, 73, 75, 76, 0, 0, 0, 0, 0, 0, 0, 0, 0, 0, 0, 0, 0, 0, 0, 0, 0, 0, 0, 0, 0, 0, 0, 0, 0, 0, 0, 0, 0, 0, 0, 0, 0, 0, 0, 0, 0, 0, 0, 0, 0, 0, 0, 0, 0, 0, 0, 0, 0, 0, 0, 0, 0, 0, 0, 0, 0, 0, 0, 0, 0, 0, 0, 0, 0, 0, 0, 0, 0, 0, 0, 0, 0, 0, 0, 0, 0, 0, 0, 0, 0, 0, 0, 0, 0, 0, 0, 0, 0, 0, 0, 0, 0, 0, 0, 0, 0, 0, 0, 0, 0, 0, 0, 0, 0, 0, 0, 0, 0, 0, 0, 0, 0, 0, 93, 94, 94, 94, 95, 0, 0, 0, 0, 0, 0, 0, 93, 95, 0, 0, 0, 0, 0, 0, 0, 0, 0, 0, 0, 0, 0, 0, 0, 0, 0, 0, 0, 0, 0, 0, 0, 0, 0, 0, 0, 0, 0, 0, 0, 0, 0, 0, 0, 0, 0, 0, 0, 0, 0, 0, 0, 0, 0, 0, 0, 0, 0
-sig-
COLISIONES
-
Rectangle: 0, 0, 256, 16
-
Rectangle: 0, 16, 16, 288
-
Rectangle: 240, 16, 16, 288
-
Rectangle: 0, 304, 256, 16
-
Rectangle: 112, 16, 48, 128
-
Rectangle: 192, 16, 48, 128
-
Rectangle: 64, 128, 32, 16
-
Rectangle: 16, 256, 80, 48
-
Rectangle: 208, 256, 32, 48
-sig-
CONSUMIBLES
-
Consumible: 4, Objeto5, Descripcion5, 25, 208, 144, 2, 1
-sig-
ENEMIGOS
-
Enemigo: 1, Enemigo1, Zombie, Zombie_32x32, 32, 48, 30, 1, 10
-
Enemigo: 2, Enemigo2, Zombie, Zombie_32x32, 192, 224, 30, 1, 10
-sig-
TELETRANSPORTADORES
-
Teletransportador: 0, T1, D1, 0, 144, 304, UDO, 1456, 1008
-
Teletransportador: 1, T2, D2, 0, 32, 0, UDO, 1376, 816
-
Teletransportador: 2, T3, D3, 0, 0, 64, UDO, 1296, 800
-
Teletransportador: 3, T4, D4, 0, 240, 192, UDO, 1536, 880
-
Teletransportador: 4, T5, D5, 0, 128, 128, EscuelaComputacionS1, 48, 112
-
Teletransportador: 5, T6, D6, 0, 208, 128, EscuelaComputacionS2, 48, 112