mapaDACE
-sig-
PALETA
-
/tile/Tiles.png
-sig-
DIMENSION
-
10, 17
-sig-
POSICION
-
Point: 32, 160
-sig-
CAPAS
-
0, 14, 15, 15, 15, 16, 58, 59, 59, 0, 0, 54, 55, 55, 55, 56, 58, 59, 59, 0, 0, 54, 55, 55, 55, 56, 58, 59, 59, 0, 0, 54, 55, 55, 55, 56, 58, 59, 59, 0, 0, 54, 55, 55, 55, 56, 58, 59, 59, 0, 0, 77, 78, 79, 79, 80, 58, 59, 59, 0, 0, 58, 59, 59, 58, 59, 58, 59, 59, 0, 0, 58, 59, 59, 58, 59, 58, 59, 59, 0, 0, 58, 59, 59, 58, 58, 58, 59, 59, 0, 59, 58, 59, 59, 58, 58, 58, 59, 59, 59, 59, 58, 59, 59, 58, 58, 58, 59, 59, 59, 0, 58, 59, 59, 58, 59, 58, 59, 59, 0, 0, 58, 59, 59, 58, 59, 58, 59, 59, 0, 0, 14, 15, 15, 15, 16, 58, 59, 59, 0, 0, 54, 55, 55, 55, 56, 58, 59, 59, 0, 0, 54, 55, 55, 55, 56, 58, 59, 59, 0, 0, 54, 55, 55, 55, 56, 58, 59, 59, 0
-
0, 0, 0, 0, 0, 0, 0, 0, 0, 0, 0, 0, 0, 0, 0, 0, 0, 0, 0, 0, 0, 0, 0, 0, 0, 0, 0, 0, 0, 0, 0, 0, 0, 0, 0, 0, 0, 0, 0, 0, 0, 0, 0, 0, 0, 0, 0, 0, 0, 0, 0, 0, 0, 0, 0, 0, 0, 0, 0, 0, 0, 0, 0, 0, 0, 0, 0, 0, 0, 0, 0, 0, 0, 0, 0, 0, 0, 0, 0, 0, 0, 0, 0, 0, 0, 0, 0, 0, 0, 0, 0, 0, 0, 0, 0, 0, 0, 0, 0, 0, 0, 0, 0, 0, 0, 0, 0, 0, 0, 0, 0, 0, 0, 0, 0, 0, 0, 0, 0, 0, 0, 0, 0, 0, 0, 0, 0, 0, 0, 0, 0, 0, 0, 0, 0, 0, 0, 0, 0, 0, 0, 0, 0, 0, 0, 0, 0, 0, 0, 0, 0, 0, 0, 0, 0, 0, 0, 0, 0, 0, 0, 0, 0, 0, 0, 0, 0, 0, 0, 0
-sig-
COLISIONES
-
Rectangle: 0, 0, 16, 272
-
Rectangle: 16, 0, 80, 96
-
Rectangle: 144, 0, 16, 272
-
Rectangle: 16, 208, 80, 64
-sig-
CONSUMIBLES
-
Consumible: 9, Objeto10, Descripcion10, 29, 128, 16, 2, 1
-
Consumible: 10, Objeto11, Descripcion11, 39, 80, 176, 3, 3
-sig-
ENEMIGOS
-
Enemigo: 1, Enemigo1, Zombie, Zombie_32x32, 112, 32, 30, 1, 10
-
Enemigo: 2, Enemigo2, Zombie, Zombie_32x32, 80, 176, 30, 1, 10
-sig-
TELETRANSPORTADORES
-
Teletransportador: 0, T1, D1, 0, 0, 144, UDO, 800, 560
-
Teletransportador: 1, T1, D1, 0, 0, 160, UDO, 800, 576
-
Teletransportador: 2, T2, D2, 0, 144, 144, UDO, 944, 560
-
Teletransportador: 3, T2, D2, 0, 144, 160, UDO, 944, 576